kanji0.png 3697 5127 56.568542494923804
kanji1.png 3697 4834 56.568542494923804
kanji2.png 3697 4648 56.568542494923804
kanji3.png 3697 4462 56.568542494923804
kanji4.png 3697 4276 56.568542494923804
kanji5.png 3697 4090 56.568542494923804
kanji6.png 3697 3903 56.568542494923804
kanji7.png 3697 3717 56.568542494923804
kanji8.png 3697 3530 56.568542494923804
kanji9.png 3697 3344 56.568542494923804
kanji10.png 3697 3157 56.568542494923804
kanji11.png 3697 2971 56.568542494923804
kanji12.png 3697 2785 56.568542494923804
kanji13.png 3697 2596 56.568542494923804
kanji14.png 3697 2412 56.568542494923804
kanji15.png 3697 2225 56.568542494923804
kanji16.png 3697 2040 56.568542494923804
kanji17.png 3697 1853 56.568542494923804
kanji18.png 3697 1667 56.568542494923804
kanji19.png 3697 1481 56.568542494923804
kanji20.png 3697 1294 56.568542494923804
kanji21.png 3697 1108 56.568542494923804
kanji22.png 3697 922 56.568542494923804
kanji23.png 3697 736 56.568542494923804
kanji24.png 3697 550 56.568542494923804
kanji25.png 3697 364 56.568542494923804
kanji26.png 3697 177 56.568542494923804
kanji27.png 3697 0 56.568542494923804
kanji28.png 3583 5127 56.568542494923804
kanji29.png 3567 4977 56.568542494923804
kanji30.png 3515 2602 56.568542494923804
kanji31.png 3465 0 56.568542494923804
kanji32.png 3400 5127 56.568542494923804
kanji33.png 3395 4618 56.568542494923804
kanji34.png 3388 622 56.568542494923804
kanji35.png 3379 4214 56.568542494923804
kanji36.png 3377 2722 56.568542494923804
kanji37.png 3342 4320 56.568542494923804
kanji38.png 3314 3618 56.568542494923804
kanji39.png 3308 4078 56.568542494923804
kanji40.png 3299 3893 56.568542494923804
kanji41.png 3294 3350 56.568542494923804
kanji42.png 3288 3450 56.568542494923804
kanji43.png 3281 609 56.568542494923804
kanji44.png 3279 0 56.568542494923804
kanji45.png 3271 3065 56.568542494923804
kanji46.png 3245 2411 56.568542494923804
kanji47.png 3220 739 56.568542494923804
kanji48.png 3214 5127 56.568542494923804
kanji49.png 3209 1114 56.568542494923804
kanji50.png 3209 1017 56.568542494923804
kanji51.png 3208 1857 56.568542494923804
kanji52.png 3206 4433 56.568542494923804
kanji53.png 3206 831 56.568542494923804
kanji54.png 3198 4627 56.568542494923804
kanji55.png 3198 1367 56.568542494923804
kanji56.png 3114 2179 56.568542494923804
kanji57.png 3101 1192 56.568542494923804
kanji58.png 3100 1851 56.568542494923804
kanji59.png 3098 1367 56.568542494923804
kanji60.png 3096 1022 56.568542494923804
kanji61.png 3093 0 56.568542494923804
kanji62.png 3092 914 56.568542494923804
kanji63.png 3091 740 56.568542494923804
kanji64.png 3072 604 56.568542494923804
kanji65.png 3056 4216 56.568542494923804
kanji66.png 3027 5127 56.568542494923804
kanji67.png 3000 1840 56.568542494923804
kanji68.png 2999 2184 56.568542494923804
kanji69.png 2987 824 56.568542494923804
kanji70.png 2978 918 56.568542494923804
kanji71.png 2977 1102 56.568542494923804
kanji72.png 2976 1366 56.568542494923804
kanji73.png 2939 4581 56.568542494923804
kanji74.png 2907 0 56.568542494923804
kanji75.png 2892 2183 56.568542494923804
kanji76.png 2881 4378 56.568542494923804
kanji77.png 2879 741 56.568542494923804
kanji78.png 2871 1850 56.568542494923804
kanji79.png 2869 836 56.568542494923804
kanji80.png 2867 1252 56.568542494923804
kanji81.png 2859 1010 56.568542494923804
kanji82.png 2842 5127 56.568542494923804
kanji83.png 2793 4222 56.568542494923804
kanji84.png 2760 922 56.568542494923804
kanji85.png 2758 2187 56.568542494923804
kanji86.png 2757 732 56.568542494923804
kanji87.png 2750 4414 56.568542494923804
kanji88.png 2745 1022 56.568542494923804
kanji89.png 2720 0 56.568542494923804
kanji90.png 2696 1187 56.568542494923804
kanji91.png 2695 585 56.568542494923804
kanji92.png 2692 1314 56.568542494923804
kanji93.png 2670 4333 56.568542494923804
kanji94.png 2662 1845 56.568542494923804
kanji95.png 2656 2177 56.568542494923804
kanji96.png 2655 5127 56.568542494923804
kanji97.png 2655 736 56.568542494923804
kanji98.png 2653 914 56.568542494923804
kanji99.png 2652 4220 56.568542494923804
kanji100.png 2641 1016 56.568542494923804
kanji101.png 2576 4327 56.568542494923804
kanji102.png 2557 1847 56.568542494923804
kanji103.png 2550 727 56.568542494923804
kanji104.png 2540 1676 56.568542494923804
kanji105.png 2534 825 56.568542494923804
kanji106.png 2533 0 56.568542494923804
kanji107.png 2529 2175 56.568542494923804
kanji108.png 2527 921 56.568542494923804
kanji109.png 2516 1265 56.568542494923804
kanji110.png 2516 1170 56.568542494923804
kanji111.png 2479 4336 56.568542494923804
kanji112.png 2469 5127 56.568542494923804
kanji113.png 2463 3628 56.568542494923804
kanji114.png 2461 3362 56.568542494923804
kanji115.png 2460 4446 56.568542494923804
kanji116.png 2451 4617 56.568542494923804
kanji117.png 2430 1842 56.568542494923804
kanji118.png 2430 1665 56.568542494923804
kanji119.png 2425 734 56.568542494923804
kanji120.png 2421 845 56.568542494923804
kanji121.png 2413 1025 56.568542494923804
kanji122.png 2411 2170 56.568542494923804
kanji123.png 2389 3728 56.568542494923804
kanji124.png 2367 3331 56.568542494923804
kanji125.png 2350 1215 56.568542494923804
kanji126.png 2347 0 56.568542494923804
kanji127.png 2324 3428 56.568542494923804
kanji128.png 2319 1848 56.568542494923804
kanji129.png 2318 1680 56.568542494923804
kanji130.png 2314 3596 56.568542494923804
kanji131.png 2311 4504 56.568542494923804
kanji132.png 2311 731 56.568542494923804
kanji133.png 2303 929 56.568542494923804
kanji134.png 2302 2170 56.568542494923804
kanji135.png 2282 5127 56.568542494923804
kanji136.png 2227 4584 56.568542494923804
kanji137.png 2222 3351 56.568542494923804
kanji138.png 2218 3659 56.568542494923804
kanji139.png 2214 833 56.568542494923804
kanji140.png 2210 1680 56.568542494923804
kanji141.png 2206 1012 56.568542494923804
kanji142.png 2191 728 56.568542494923804
kanji143.png 2186 1239 56.568542494923804
kanji144.png 2185 1340 56.568542494923804
kanji145.png 2182 3476 56.568542494923804
kanji146.png 2173 2170 56.568542494923804
kanji147.png 2160 0 56.568542494923804
kanji148.png 2117 2642 56.568542494923804
kanji149.png 2108 1844 56.568542494923804
kanji150.png 2096 5127 56.568542494923804
kanji151.png 2091 1688 56.568542494923804
kanji152.png 2090 831 56.568542494923804
kanji153.png 2087 932 56.568542494923804
kanji154.png 2026 1179 56.568542494923804
kanji155.png 2014 4263 56.568542494923804
kanji156.png 2010 4610 56.568542494923804
kanji157.png 2009 1309 56.568542494923804
kanji158.png 2000 4420 56.568542494923804
kanji159.png 1995 740 56.568542494923804
kanji160.png 1974 0 56.568542494923804
kanji161.png 1972 1853 56.568542494923804
kanji162.png 1970 839 56.568542494923804
kanji163.png 1965 1726 56.568542494923804
kanji164.png 1963 1630 56.568542494923804
kanji165.png 1959 1027 56.568542494923804
kanji166.png 1910 5127 56.568542494923804
kanji167.png 1872 1852 56.568542494923804
kanji168.png 1871 741 56.568542494923804
kanji169.png 1855 1638 56.568542494923804
kanji170.png 1853 832 56.568542494923804
kanji171.png 1849 1154 56.568542494923804
kanji172.png 1848 2175 56.568542494923804
kanji173.png 1848 1336 56.568542494923804
kanji174.png 1842 1014 56.568542494923804
kanji175.png 1794 4415 56.568542494923804
kanji176.png 1787 0 56.568542494923804
kanji177.png 1746 1132 56.568542494923804
kanji178.png 1744 1850 56.568542494923804
kanji179.png 1743 1511 56.568542494923804
kanji180.png 1741 837 56.568542494923804
kanji181.png 1738 1020 56.568542494923804
kanji182.png 1738 745 56.568542494923804
kanji183.png 1737 1326 56.568542494923804
kanji184.png 1736 2173 56.568542494923804
kanji185.png 1735 1690 56.568542494923804
kanji186.png 1723 5127 56.568542494923804
kanji187.png 1635 1137 56.568542494923804
kanji188.png 1631 2649 56.568542494923804
kanji189.png 1627 1851 56.568542494923804
kanji190.png 1625 1660 56.568542494923804
kanji191.png 1624 1010 56.568542494923804
kanji192.png 1623 843 56.568542494923804
kanji193.png 1620 1506 56.568542494923804
kanji194.png 1620 1330 56.568542494923804
kanji195.png 1605 2161 56.568542494923804
kanji196.png 1601 0 56.568542494923804
kanji197.png 1595 2531 56.568542494923804
kanji198.png 1537 5127 56.568542494923804
kanji199.png 1532 740 56.568542494923804
kanji200.png 1527 1146 56.568542494923804
kanji201.png 1526 1330 56.568542494923804
kanji202.png 1511 1021 56.568542494923804
kanji203.png 1510 1689 56.568542494923804
kanji204.png 1506 1858 56.568542494923804
kanji205.png 1490 2660 56.568542494923804
kanji206.png 1415 0 56.568542494923804
kanji207.png 1411 1156 56.568542494923804
kanji208.png 1411 837 56.568542494923804
kanji209.png 1409 932 56.568542494923804
kanji210.png 1402 736 56.568542494923804
kanji211.png 1353 1398 56.568542494923804
kanji212.png 1350 5127 56.568542494923804
kanji213.png 1350 1710 56.568542494923804
kanji214.png 1347 4573 56.568542494923804
kanji215.png 1336 1517 56.568542494923804
kanji216.png 1331 1859 56.568542494923804
kanji217.png 1319 3495 56.568542494923804
kanji218.png 1305 935 56.568542494923804
kanji219.png 1303 735 56.568542494923804
kanji220.png 1301 2365 56.568542494923804
kanji221.png 1301 1150 56.568542494923804
kanji222.png 1300 835 56.568542494923804
kanji223.png 1290 3352 56.568542494923804
kanji224.png 1271 3670 56.568542494923804
kanji225.png 1250 1294 56.568542494923804
kanji226.png 1238 2662 56.568542494923804
kanji227.png 1228 0 56.568542494923804
kanji228.png 1196 2363 56.568542494923804
kanji229.png 1192 1137 56.568542494923804
kanji230.png 1192 842 56.568542494923804
kanji231.png 1189 734 56.568542494923804
kanji232.png 1187 1704 56.568542494923804
kanji233.png 1179 942 56.568542494923804
kanji234.png 1166 3349 56.568542494923804
kanji235.png 1164 5127 56.568542494923804
kanji236.png 1131 4420 56.568542494923804
kanji237.png 1094 1314 56.568542494923804
kanji238.png 1091 2666 56.568542494923804
kanji239.png 1087 735 56.568542494923804
kanji240.png 1085 1147 56.568542494923804
kanji241.png 1078 2371 56.568542494923804
kanji242.png 1073 1024 56.568542494923804
kanji243.png 1061 1574 56.568542494923804
kanji244.png 1042 0 56.568542494923804
kanji245.png 1032 4500 56.568542494923804
kanji246.png 985 2654 56.568542494923804
kanji247.png 977 5127 56.568542494923804
kanji248.png 976 1442 56.568542494923804
kanji249.png 976 830 56.568542494923804
kanji250.png 976 732 56.568542494923804
kanji251.png 970 932 56.568542494923804
kanji252.png 969 2370 56.568542494923804
kanji253.png 962 1142 56.568542494923804
kanji254.png 957 1029 56.568542494923804
kanji255.png 945 3319 56.568542494923804
kanji256.png 939 3663 56.568542494923804
kanji257.png 939 3510 56.568542494923804
kanji258.png 903 4586 56.568542494923804
kanji259.png 862 1295 56.568542494923804
kanji260.png 855 0 56.568542494923804
kanji261.png 850 829 56.568542494923804
kanji262.png 846 1148 56.568542494923804
kanji263.png 845 729 56.568542494923804
kanji264.png 835 1034 56.568542494923804
kanji265.png 835 934 56.568542494923804
kanji266.png 819 2390 56.568542494923804
kanji267.png 790 5127 56.568542494923804
kanji268.png 772 610 56.568542494923804
kanji269.png 764 1461 56.568542494923804
kanji270.png 754 1368 56.568542494923804
kanji271.png 750 2295 56.568542494923804
kanji272.png 729 4626 56.568542494923804
kanji273.png 670 0 56.568542494923804
kanji274.png 606 4524 56.568542494923804
kanji275.png 604 5127 56.568542494923804
kanji276.png 490 2941 56.568542494923804
kanji277.png 483 0 56.568542494923804
kanji278.png 418 5127 56.568542494923804
kanji279.png 407 4344 56.568542494923804
kanji280.png 390 3988 56.568542494923804
kanji281.png 375 4579 56.568542494923804
kanji282.png 375 3415 56.568542494923804
kanji283.png 360 4225 56.568542494923804
kanji284.png 359 2749 56.568542494923804
kanji285.png 313 596 56.568542494923804
kanji286.png 304 1005 56.568542494923804
kanji287.png 303 1175 56.568542494923804
kanji288.png 297 0 56.568542494923804
kanji289.png 232 5127 56.568542494923804
kanji290.png 181 553 56.568542494923804
kanji291.png 173 2605 56.568542494923804
kanji292.png 126 188 56.568542494923804
kanji293.png 116 0 56.568542494923804
kanji294.png 0 5127 56.568542494923804
kanji295.png 0 4950 56.568542494923804
kanji296.png 0 4763 56.568542494923804
kanji297.png 0 4577 56.568542494923804
kanji298.png 0 4391 56.568542494923804
kanji299.png 0 4205 56.568542494923804
kanji300.png 0 4019 56.568542494923804
kanji301.png 0 3833 56.568542494923804
kanji302.png 0 3646 56.568542494923804
kanji303.png 0 3460 56.568542494923804
kanji304.png 0 3274 56.568542494923804
kanji305.png 0 3087 56.568542494923804
kanji306.png 0 2902 56.568542494923804
kanji307.png 0 2720 56.568542494923804
kanji308.png 0 2518 56.568542494923804
kanji309.png 0 2342 56.568542494923804
kanji310.png 0 2156 56.568542494923804
kanji311.png 0 1970 56.568542494923804
kanji312.png 0 1783 56.568542494923804
kanji313.png 0 1597 56.568542494923804
kanji314.png 0 1410 56.568542494923804
kanji315.png 0 1224 56.568542494923804
kanji316.png 0 1037 56.568542494923804
kanji317.png 0 851 56.568542494923804
kanji318.png 0 665 56.568542494923804
kanji319.png 0 478 56.568542494923804
kanji320.png 0 295 56.568542494923804
kanji321.png 0 180 56.568542494923804
kanji322.png 0 0 56.568542494923804
